1	64
65	128
129	192
193	256
257	320
321	384
385	448
449	512
513	576
577	640
641	704
705	768
769	832
833	896
897	960
961	1024
1025	1088
1089	1152
1153	1216
1217	1280
1281	1344
1345	1408
1409	1472
1473	1536
1537	1600
1601	1664
1665	1728
1729	1792
1793	1856
1857	1920
1921	1984
1985	2048
2049	2112
2113	2176
2177	2240
2241	2304
2305	2368
2369	2432
2433	2496
2497	2560
2561	2624
2625	2688
2689	2752
2753	2816
2817	2880
2881	2944
2945	3008
3009	3072
3073	3136
3137	3200
3201	3264
3265	3328
3329	3392
3393	3456
3457	3520
3521	3584
3585	3648
3649	3712
3713	3776
3777	3840
3841	3904
3905	3968
3969	4032
4033	4096
